%YAML:1.0
input01 : avi/in1.avi
input02 : avi/in2.avi
839.7957543125267, 856.2034875162501, 835.1084859189979, 840.6286190371578]

